   6.9907594e-01  -6.1530024e-01  -3.6427790e-01   3.9917374e-02   6.2955850e-01   7.7119118e-01  -9.4446875e-02   4.8532326e+00   3.3904105e-01  -1.6330877e-01   9.2648870e-01  -1.3868814e+01   0.0000000e+00   0.0000000e+00   0.0000000e+00   1.0000000e+00
   6.9907594e-01  -6.1530024e-01  -3.6427790e-01   3.9917374e-02   6.2955850e-01   7.7119118e-01  -9.4446875e-02   4.8532326e+00   3.3904105e-01  -1.6330877e-01   9.2648870e-01  -1.3868814e+01   0.0000000e+00   0.0000000e+00   0.0000000e+00   1.0000000e+00
   6.9907594e-01  -6.1530024e-01  -3.6427790e-01   3.9917374e-02   6.2955850e-01   7.7119118e-01  -9.4446875e-02   4.8532326e+00   3.3904105e-01  -1.6330877e-01   9.2648870e-01  -1.3868814e+01   0.0000000e+00   0.0000000e+00   0.0000000e+00   1.0000000e+00
   6.9907594e-01  -6.1530024e-01  -3.6427790e-01   3.9917374e-02   6.2955850e-01   7.7119118e-01  -9.4446875e-02   4.8532326e+00   3.3904105e-01  -1.6330877e-01   9.2648870e-01  -1.3868814e+01   0.0000000e+00   0.0000000e+00   0.0000000e+00   1.0000000e+00
   6.9907594e-01  -6.1530024e-01  -3.6427790e-01   3.9917374e-02   6.2955850e-01   7.7119118e-01  -9.4446875e-02   4.8532326e+00   3.3904105e-01  -1.6330877e-01   9.2648870e-01  -1.3868814e+01   0.0000000e+00   0.0000000e+00   0.0000000e+00   1.0000000e+00
   6.9907594e-01  -6.1530024e-01  -3.6427790e-01   3.9917374e-02   6.2955850e-01   7.7119118e-01  -9.4446875e-02   4.8532326e+00   3.3904105e-01  -1.6330877e-01   9.2648870e-01  -1.3868814e+01   0.0000000e+00   0.0000000e+00   0.0000000e+00   1.0000000e+00
   6.9907594e-01  -6.1530024e-01  -3.6427790e-01   3.9917374e-02   6.2955850e-01   7.7119118e-01  -9.4446875e-02   4.8532326e+00   3.3904105e-01  -1.6330877e-01   9.2648870e-01  -1.3868814e+01   0.0000000e+00   0.0000000e+00   0.0000000e+00   1.0000000e+00
   6.9907594e-01  -6.1530024e-01  -3.6427790e-01   3.9917374e-02   6.2955850e-01   7.7119118e-01  -9.4446875e-02   4.8532326e+00   3.3904105e-01  -1.6330877e-01   9.2648870e-01  -1.3868814e+01   0.0000000e+00   0.0000000e+00   0.0000000e+00   1.0000000e+00
   6.9907594e-01  -6.1530024e-01  -3.6427790e-01   3.9917374e-02   6.2955850e-01   7.7119118e-01  -9.4446875e-02   4.8532326e+00   3.3904105e-01  -1.6330877e-01   9.2648870e-01  -1.3868814e+01   0.0000000e+00   0.0000000e+00   0.0000000e+00   1.0000000e+00
   6.9910169e-01  -6.1538386e-01  -3.6408696e-01   3.9159489e-02   6.2956601e-01   7.7116907e-01  -9.4576888e-02   4.8529957e+00   3.3897397e-01  -1.6309775e-01   9.2655051e-01  -1.3866763e+01   0.0000000e+00   0.0000000e+00   0.0000000e+00   1.0000000e+00
   6.9920409e-01  -6.1571538e-01  -3.6332852e-01   3.6535740e-02   6.2959576e-01   7.7108133e-01  -9.5093295e-02   4.8521767e+00   3.3870772e-01  -1.6225955e-01   9.2679536e-01  -1.3859665e+01   0.0000000e+00   0.0000000e+00   0.0000000e+00   1.0000000e+00
   6.9933224e-01  -6.1612886e-01  -3.6237884e-01   3.3692646e-02   6.2963265e-01   7.7097112e-01  -9.5739536e-02   4.8512882e+00   3.3837426e-01  -1.6121006e-01   9.2710054e-01  -1.3851978e+01   0.0000000e+00   0.0000000e+00   0.0000000e+00   1.0000000e+00
   6.9948399e-01  -6.1661553e-01  -3.6125571e-01   3.0601120e-02   6.2967587e-01   7.7084053e-01  -9.6503638e-02   4.8503227e+00   3.3798006e-01  -1.5996875e-01   9.2745954e-01  -1.3843616e+01   0.0000000e+00   0.0000000e+00   0.0000000e+00   1.0000000e+00
   6.9965535e-01  -6.1716348e-01  -3.5998535e-01   2.7227020e-02   6.2972462e-01   7.7069205e-01  -9.7367257e-02   4.8492687e+00   3.3753416e-01  -1.5856498e-01   9.2786324e-01  -1.3834491e+01   0.0000000e+00   0.0000000e+00   0.0000000e+00   1.0000000e+00
   6.9984192e-01  -6.1775553e-01  -3.5860446e-01   2.3531532e-02   6.2977684e-01   7.7053034e-01  -9.8305635e-02   4.8481144e+00   3.3704975e-01  -1.5703888e-01   9.2829889e-01  -1.3824493e+01   0.0000000e+00   0.0000000e+00   0.0000000e+00   1.0000000e+00
   7.0003706e-01  -6.1837047e-01  -3.5716063e-01   1.9470215e-02   6.2983060e-01   7.7036047e-01  -9.9286273e-02   4.8468460e+00   3.3654335e-01  -1.5544315e-01   9.2875105e-01  -1.3813507e+01   0.0000000e+00   0.0000000e+00   0.0000000e+00   1.0000000e+00
   7.0023274e-01  -6.1898303e-01  -3.5571340e-01   1.4992332e-02   6.2988406e-01   7.7018958e-01  -1.0026847e-01   4.8454475e+00   3.3603588e-01  -1.5384379e-01   9.2920089e-01  -1.3801398e+01   0.0000000e+00   0.0000000e+00   0.0000000e+00   1.0000000e+00
   7.0041919e-01  -6.1956215e-01  -3.5433614e-01   1.0041046e-02   6.2993407e-01   7.7002656e-01  -1.0120273e-01   4.8439007e+00   3.3555329e-01  -1.5232164e-01   9.2962563e-01  -1.3788004e+01   0.0000000e+00   0.0000000e+00   0.0000000e+00   1.0000000e+00
   7.0058447e-01  -6.2007201e-01  -3.5311645e-01   4.5527458e-03   6.2997788e-01   7.6988161e-01  -1.0202955e-01   4.8421867e+00   3.3512586e-01  -1.5097366e-01   9.2999923e-01  -1.3773160e+01   0.0000000e+00   0.0000000e+00   0.0000000e+00   1.0000000e+00
   7.0071405e-01  -6.2047082e-01  -3.5215801e-01  -1.5440941e-03   6.3001215e-01   7.6976734e-01  -1.0267901e-01   4.8402824e+00   3.3479011e-01  -1.4991450e-01   9.3029118e-01  -1.3756670e+01   0.0000000e+00   0.0000000e+00   0.0000000e+00   1.0000000e+00
   7.0079195e-01  -6.2071002e-01  -3.5158154e-01  -8.3289146e-03   6.3003284e-01   7.6969814e-01  -1.0306957e-01   4.8381630e+00   3.3458823e-01  -1.4927745e-01   9.3046606e-01  -1.3738318e+01   0.0000000e+00   0.0000000e+00   0.0000000e+00   1.0000000e+00
   7.0086312e-01  -6.2098765e-01  -3.5094500e-01  -1.4937687e-02   6.3007200e-01   7.6960891e-01  -1.0349306e-01   4.8360985e+00   3.3436522e-01  -1.4858140e-01   9.3065935e-01  -1.3720441e+01   0.0000000e+00   0.0000000e+00   0.0000000e+00   1.0000000e+00
   7.0104092e-01  -6.2154675e-01  -3.4959751e-01  -2.0462704e-02   6.3012433e-01   7.6944321e-01  -1.0440295e-01   4.8343731e+00   3.3389342e-01  -1.4709456e-01   9.3106478e-01  -1.3705496e+01   0.0000000e+00   0.0000000e+00   0.0000000e+00   1.0000000e+00
   7.0122385e-01  -6.2211925e-01  -3.4821016e-01  -2.6148129e-02   6.3017809e-01   7.6927161e-01  -1.0533889e-01   4.8325966e+00   3.3340782e-01  -1.4556390e-01   9.3147916e-01  -1.3690118e+01   0.0000000e+00   0.0000000e+00   0.0000000e+00   1.0000000e+00
   7.0141119e-01  -6.2270510e-01  -3.4678280e-01  -3.1993961e-02   6.3023347e-01   7.6909387e-01  -1.0630113e-01   4.8307709e+00   3.3290836e-01  -1.4398940e-01   9.3190229e-01  -1.3674307e+01   0.0000000e+00   0.0000000e+00   0.0000000e+00   1.0000000e+00
   7.0160323e-01  -6.2330437e-01  -3.4531516e-01  -3.8000202e-02   6.3029075e-01   7.6890975e-01  -1.0728928e-01   4.8288944e+00   3.3239502e-01  -1.4237098e-01   9.3233383e-01  -1.3658061e+01   0.0000000e+00   0.0000000e+00   0.0000000e+00   1.0000000e+00
   7.0179743e-01  -6.2391955e-01  -3.4380615e-01  -4.4166708e-02   6.3035250e-01   7.6871687e-01  -1.0830321e-01   4.8269688e+00   3.3186728e-01  -1.4070845e-01   9.3277425e-01  -1.3641382e+01   0.0000000e+00   0.0000000e+00   0.0000000e+00   1.0000000e+00
   7.0199502e-01  -6.2454885e-01  -3.4225607e-01  -5.0493526e-02   6.3041764e-01   7.6851624e-01  -1.0934291e-01   4.8249924e+00   3.3132541e-01  -1.3900176e-01   9.3322283e-01  -1.3624269e+01   0.0000000e+00   0.0000000e+00   0.0000000e+00   1.0000000e+00
   7.0219731e-01  -6.2519044e-01  -3.4066582e-01  -5.6980753e-02   6.3048410e-01   7.6830918e-01  -1.1040867e-01   4.8229660e+00   3.3076966e-01  -1.3725103e-01   9.3367910e-01  -1.3606723e+01   0.0000000e+00   0.0000000e+00   0.0000000e+00   1.0000000e+00
   7.0240438e-01  -6.2584376e-01  -3.3903533e-01  -6.3628149e-02   6.3055205e-01   7.6809585e-01  -1.1150043e-01   4.8208897e+00   3.3020005e-01  -1.3545628e-01   9.3414271e-01  -1.3588742e+01   0.0000000e+00   0.0000000e+00   0.0000000e+00   1.0000000e+00
   7.0261580e-01  -6.2650943e-01  -3.3736393e-01  -7.0435095e-02   6.3062203e-01   7.6787525e-01  -1.1261837e-01   4.8187630e+00   3.2961637e-01  -1.3361689e-01   9.3461365e-01  -1.3570329e+01   0.0000000e+00   0.0000000e+00   0.0000000e+00   1.0000000e+00
   7.0283204e-01  -6.2718844e-01  -3.3564764e-01  -7.7393341e-02   6.3069397e-01   7.6764709e-01  -1.1376493e-01   4.8165798e+00   3.2901725e-01  -1.3172869e-01   9.3509257e-01  -1.3551480e+01   0.0000000e+00   0.0000000e+00   0.0000000e+00   1.0000000e+00
   7.0305455e-01  -6.2788224e-01  -3.3388045e-01  -8.4489298e-02   6.3076729e-01   7.6741105e-01  -1.1494455e-01   4.8143318e+00   3.2840049e-01  -1.2978463e-01   9.3558091e-01  -1.3532190e+01   0.0000000e+00   0.0000000e+00   0.0000000e+00   1.0000000e+00
   7.0328254e-01  -6.2859535e-01  -3.3205396e-01  -9.1707563e-02   6.3084459e-01   7.6716429e-01  -1.1616167e-01   4.8120090e+00   3.2776329e-01  -1.2777647e-01   9.3608052e-01  -1.3512460e+01   0.0000000e+00   0.0000000e+00   0.0000000e+00   1.0000000e+00
   7.0351410e-01  -6.2933385e-01  -3.3015850e-01  -9.9030685e-02   6.3092947e-01   7.6690263e-01  -1.1742111e-01   4.8095997e+00   3.2710207e-01  -1.2569503e-01   9.3659371e-01  -1.3492279e+01   0.0000000e+00   0.0000000e+00   0.0000000e+00   1.0000000e+00
   7.0375311e-01  -6.3009757e-01  -3.2818604e-01  -1.0643940e-01   6.3101918e-01   7.6662719e-01  -1.1872932e-01   4.8070911e+00   3.2641429e-01  -1.2353026e-01   9.3712169e-01  -1.3471646e+01   0.0000000e+00   0.0000000e+00   0.0000000e+00   1.0000000e+00
   7.0400226e-01  -6.3088757e-01  -3.2612714e-01  -1.1391211e-01   6.3111222e-01   7.6633811e-01  -1.2009320e-01   4.8044685e+00   3.2569653e-01  -1.2127110e-01   9.3766665e-01  -1.3450558e+01   0.0000000e+00   0.0000000e+00   0.0000000e+00   1.0000000e+00
   7.0426190e-01  -6.3170826e-01  -3.2397050e-01  -1.2142611e-01   6.3120991e-01   7.6603264e-01  -1.2151968e-01   4.8017178e+00   3.2494482e-01  -1.1890557e-01   9.3823022e-01  -1.3429004e+01   0.0000000e+00   0.0000000e+00   0.0000000e+00   1.0000000e+00
   7.0453268e-01  -6.3255990e-01  -3.2171234e-01  -1.2897391e-01   6.3131237e-01   7.6571018e-01  -1.2301090e-01   4.7988338e+00   3.2415795e-01  -1.1642961e-01   9.3881279e-01  -1.3406985e+01   0.0000000e+00   0.0000000e+00   0.0000000e+00   1.0000000e+00
   7.0481473e-01  -6.3343900e-01  -3.1935695e-01  -1.3656397e-01   6.3141823e-01   7.6537174e-01  -1.2456444e-01   4.7958218e+00   3.2333744e-01  -1.1384760e-01   9.3941194e-01  -1.3384503e+01   0.0000000e+00   0.0000000e+00   0.0000000e+00   1.0000000e+00
   7.0510381e-01  -6.3434696e-01  -3.1690729e-01  -1.4420676e-01   6.3153172e-01   7.6501393e-01  -1.2617612e-01   4.7926884e+00   3.2248446e-01  -1.1116445e-01   9.4002628e-01  -1.3361557e+01   0.0000000e+00   0.0000000e+00   0.0000000e+00   1.0000000e+00
   7.0539707e-01  -6.3528341e-01  -3.1436807e-01  -1.5191479e-01   6.3165492e-01   7.6463550e-01  -1.2784144e-01   4.7894432e+00   3.2160053e-01  -1.0838650e-01   9.4065368e-01  -1.3338156e+01   0.0000000e+00   0.0000000e+00   0.0000000e+00   1.0000000e+00
   7.0569843e-01  -6.3623875e-01  -3.1174833e-01  -1.5970216e-01   6.3178188e-01   7.6424176e-01  -1.2955695e-01   4.7860954e+00   3.2068905e-01  -1.0552141e-01   9.4129062e-01  -1.3314304e+01   0.0000000e+00   0.0000000e+00   0.0000000e+00   1.0000000e+00
   7.0600677e-01  -6.3720965e-01  -3.0905578e-01  -1.6758547e-01   6.3191193e-01   7.6383358e-01  -1.3131730e-01   4.7826542e+00   3.1975269e-01  -1.0257760e-01   9.4193435e-01  -1.3290001e+01   0.0000000e+00   0.0000000e+00   0.0000000e+00   1.0000000e+00
   7.0632070e-01  -6.3819373e-01  -3.0629572e-01  -1.7557702e-01   6.3204575e-01   7.6341093e-01  -1.3311851e-01   4.7791298e+00   3.1879339e-01  -9.9561274e-02   9.4258279e-01  -1.3265253e+01   0.0000000e+00   0.0000000e+00   0.0000000e+00   1.0000000e+00
   7.0664132e-01  -6.3918817e-01  -3.0347040e-01  -1.8368006e-01   6.3218153e-01   7.6297522e-01  -1.3495967e-01   4.7755230e+00   3.1781191e-01  -9.6474275e-02   9.4323462e-01  -1.3240057e+01   0.0000000e+00   0.0000000e+00   0.0000000e+00   1.0000000e+00
   7.0696300e-01  -6.4019835e-01  -3.0057818e-01  -1.9189739e-01   6.3232589e-01   7.6252079e-01  -1.3683878e-01   4.7718369e+00   3.1680781e-01  -9.3317434e-02   9.4388974e-01  -1.3214423e+01   0.0000000e+00   0.0000000e+00   0.0000000e+00   1.0000000e+00
   7.0728457e-01  -6.4122415e-01  -2.9762012e-01  -2.0023212e-01   6.3247985e-01   7.6204664e-01  -1.3875449e-01   4.7680729e+00   3.1578133e-01  -9.0092368e-02   9.4454724e-01  -1.3188342e+01   0.0000000e+00   0.0000000e+00   0.0000000e+00   1.0000000e+00
   7.0761138e-01  -6.4225709e-01  -2.9460043e-01  -2.0868788e-01   6.3263613e-01   7.6155859e-01  -1.4070685e-01   4.7642338e+00   3.1473407e-01  -8.6801119e-02   9.4520485e-01  -1.3161826e+01   0.0000000e+00   0.0000000e+00   0.0000000e+00   1.0000000e+00
   7.0794219e-01  -6.4329761e-01  -2.9151919e-01  -2.1726627e-01   6.3279635e-01   7.6105523e-01  -1.4269525e-01   4.7603214e+00   3.1366631e-01  -8.3444275e-02   9.4586188e-01  -1.3134863e+01   0.0000000e+00   0.0000000e+00   0.0000000e+00   1.0000000e+00
   7.0827991e-01  -6.4434767e-01  -2.8836340e-01  -2.2594090e-01   6.3295913e-01   7.6053590e-01  -1.4472835e-01   4.7563175e+00   3.1257343e-01  -8.0007099e-02   9.4652003e-01  -1.3107458e+01   0.0000000e+00   0.0000000e+00   0.0000000e+00   1.0000000e+00
   7.0862401e-01  -6.4541763e-01  -2.8510758e-01  -2.3466396e-01   6.3312948e-01   7.5999302e-01  -1.4682110e-01   4.7521923e+00   3.1144682e-01  -7.6463148e-02   9.4718385e-01  -1.3079599e+01   0.0000000e+00   0.0000000e+00   0.0000000e+00   1.0000000e+00
   7.0897597e-01  -6.4651608e-01  -2.8172433e-01  -2.4338326e-01   6.3330972e-01   7.5942057e-01  -1.4899021e-01   4.7479134e+00   3.1027699e-01  -7.2783232e-02   9.4785714e-01  -1.3051276e+01   0.0000000e+00   0.0000000e+00   0.0000000e+00   1.0000000e+00
   7.0934075e-01  -6.4764762e-01  -2.7818549e-01  -2.5204163e-01   6.3349897e-01   7.5881505e-01  -1.5125443e-01   4.7434441e+00   3.0905443e-01  -6.8935670e-02   9.4854361e-01  -1.3022479e+01   0.0000000e+00   0.0000000e+00   0.0000000e+00   1.0000000e+00
   7.0969874e-01  -6.4884663e-01  -2.7445054e-01  -2.6058006e-01   6.3372582e-01   7.5814754e-01  -1.5362719e-01   4.7387463e+00   3.0776480e-01  -6.4886726e-02   9.4925004e-01  -1.2993196e+01   0.0000000e+00   0.0000000e+00   0.0000000e+00   1.0000000e+00
   7.1008790e-01  -6.5006560e-01  -2.7053186e-01  -2.6899061e-01   6.3394469e-01   7.5745511e-01  -1.5612003e-01   4.7338146e+00   3.0641365e-01  -6.0633220e-02   9.4996786e-01  -1.2963425e+01   0.0000000e+00   0.0000000e+00   0.0000000e+00   1.0000000e+00
   7.1048868e-01  -6.5131468e-01  -2.6644537e-01  -2.7732058e-01   6.3417453e-01   7.5672358e-01  -1.5871301e-01   4.7286800e+00   3.0500597e-01  -5.6200128e-02   9.5069295e-01  -1.2933177e+01   0.0000000e+00   0.0000000e+00   0.0000000e+00   1.0000000e+00
   7.1089691e-01  -6.5258396e-01  -2.6221812e-01  -2.8562431e-01   6.3441497e-01   7.5595629e-01  -1.6138758e-01   4.7233772e+00   3.0355105e-01  -5.1617708e-02   9.5141768e-01  -1.2902463e+01   0.0000000e+00   0.0000000e+00   0.0000000e+00   1.0000000e+00
   7.1131063e-01  -6.5386057e-01  -2.5788090e-01  -2.9396181e-01   6.3466281e-01   7.5515884e-01  -1.6412446e-01   4.7179447e+00   3.0205986e-01  -4.6919055e-02   9.5213473e-01  -1.2871294e+01   0.0000000e+00   0.0000000e+00   0.0000000e+00   1.0000000e+00
   7.1171522e-01  -6.5514809e-01  -2.5345844e-01  -3.0239058e-01   6.3493055e-01   7.5432444e-01  -1.6690129e-01   4.7124191e+00   3.0054039e-01  -4.2136054e-02   9.5283926e-01  -1.2839679e+01   0.0000000e+00   0.0000000e+00   0.0000000e+00   1.0000000e+00
   7.1211457e-01  -6.5644282e-01  -2.4894576e-01  -3.1089835e-01   6.3521415e-01   7.5345486e-01  -1.6972308e-01   4.7067921e+00   2.9899114e-01  -3.7261579e-02   9.5353037e-01  -1.2807620e+01   0.0000000e+00   0.0000000e+00   0.0000000e+00   1.0000000e+00
   7.1252424e-01  -6.5773487e-01  -2.4432090e-01  -3.1943078e-01   6.3549900e-01   7.5255811e-01  -1.7261080e-01   4.7010326e+00   2.9740599e-01  -3.2266162e-02   9.5420802e-01  -1.2775114e+01   0.0000000e+00   0.0000000e+00   0.0000000e+00   1.0000000e+00
   7.1294653e-01  -6.5903008e-01  -2.3955345e-01  -3.2792892e-01   6.3578659e-01   7.5162756e-01  -1.7558342e-01   4.6951031e+00   2.9577482e-01  -2.7116777e-02   9.5487410e-01  -1.2742150e+01   0.0000000e+00   0.0000000e+00   0.0000000e+00   1.0000000e+00
   7.1336675e-01  -6.6035438e-01  -2.3460440e-01  -3.3632951e-01   6.3609940e-01   7.5063819e-01  -1.7865616e-01   4.6889648e+00   2.9408413e-01  -2.1778025e-02   9.5553273e-01  -1.2708721e+01   0.0000000e+00   0.0000000e+00   0.0000000e+00   1.0000000e+00
   7.1378493e-01  -6.6171139e-01  -2.2945170e-01  -3.4459100e-01   6.3644004e-01   7.4958301e-01  -1.8184175e-01   4.6825916e+00   2.9232702e-01  -1.6226456e-02   9.5618272e-01  -1.2674822e+01   0.0000000e+00   0.0000000e+00   0.0000000e+00   1.0000000e+00
   7.1421194e-01  -6.6308200e-01  -2.2410353e-01  -3.5272188e-01   6.3679427e-01   7.4847347e-01  -1.8513995e-01   4.6759899e+00   2.9050678e-01  -1.0466806e-02   9.5681810e-01  -1.2640457e+01   0.0000000e+00   0.0000000e+00   0.0000000e+00   1.0000000e+00
   7.1465290e-01  -6.6445309e-01  -2.1856955e-01  -3.6073766e-01   6.3715422e-01   7.4731636e-01  -1.8854667e-01   4.6691685e+00   2.8862724e-01  -4.5077833e-03   9.5743275e-01  -1.2605626e+01   0.0000000e+00   0.0000000e+00   0.0000000e+00   1.0000000e+00
   7.1511036e-01  -6.6581362e-01  -2.1285971e-01  -3.6865606e-01   6.3751441e-01   7.4611628e-01  -1.9205685e-01   4.6621391e+00   2.8669220e-01   1.6407596e-03   9.5802128e-01  -1.2570332e+01   0.0000000e+00   0.0000000e+00   0.0000000e+00   1.0000000e+00
   7.1554738e-01  -6.6720039e-01  -2.0696734e-01  -3.7648888e-01   6.3791776e-01   7.4483556e-01  -1.9565479e-01   4.6549080e+00   2.8469756e-01   7.9720682e-03   9.5858419e-01  -1.2534575e+01   0.0000000e+00   0.0000000e+00   0.0000000e+00   1.0000000e+00
   7.1598381e-01  -6.6858727e-01  -2.0089345e-01  -3.8422084e-01   6.3834035e-01   7.4349236e-01  -1.9935013e-01   4.6474682e+00   2.8264567e-01   1.4493071e-02   9.5911479e-01  -1.2498360e+01   0.0000000e+00   0.0000000e+00   0.0000000e+00   1.0000000e+00
   7.1641880e-01  -6.6997296e-01  -1.9462837e-01  -3.9182906e-01   6.3878351e-01   7.4208224e-01  -2.0314887e-01   4.6398060e+00   2.8053454e-01   2.1214338e-02   9.5960951e-01  -1.2461690e+01   0.0000000e+00   0.0000000e+00   0.0000000e+00   1.0000000e+00
   7.1685237e-01  -6.7135513e-01  -1.8816178e-01  -3.9928937e-01   6.3924760e-01   7.4060106e-01  -2.0705688e-01   4.6319080e+00   2.7836150e-01   2.8147250e-02   9.6006382e-01  -1.2424563e+01   0.0000000e+00   0.0000000e+00   0.0000000e+00   1.0000000e+00
   7.1728277e-01  -6.7273247e-01  -1.8148360e-01  -4.0657840e-01   6.3973480e-01   7.3904306e-01  -2.1107973e-01   4.6237614e+00   2.7612442e-01   3.5302546e-02   9.6047330e-01  -1.2386985e+01   0.0000000e+00   0.0000000e+00   0.0000000e+00   1.0000000e+00
   7.1770960e-01  -6.7410129e-01  -1.7458598e-01  -4.1368022e-01   6.4024585e-01   7.3740435e-01  -2.1522094e-01   4.6153568e+00   2.7382126e-01   4.2688388e-02   9.6083283e-01  -1.2348955e+01   0.0000000e+00   0.0000000e+00   0.0000000e+00   1.0000000e+00
   7.1813220e-01  -6.7545730e-01  -1.6746177e-01  -4.2058029e-01   6.4078140e-01   7.3568064e-01  -2.1948352e-01   4.6066853e+00   2.7145013e-01   5.0311785e-02   9.6113652e-01  -1.2310471e+01   0.0000000e+00   0.0000000e+00   0.0000000e+00   1.0000000e+00
   7.1854824e-01  -6.7679793e-01  -1.6010287e-01  -4.2726407e-01   6.4134431e-01   7.3386616e-01  -2.2387016e-01   4.5977383e+00   2.6900893e-01   5.8180425e-02   9.6137875e-01  -1.2271535e+01   0.0000000e+00   0.0000000e+00   0.0000000e+00   1.0000000e+00
   7.1895665e-01  -6.7811811e-01  -1.5250273e-01  -4.3371353e-01   6.4193517e-01   7.3195624e-01  -2.2838387e-01   4.5885059e+00   2.6649654e-01   6.6301249e-02   9.6155280e-01  -1.2232146e+01   0.0000000e+00   0.0000000e+00   0.0000000e+00   1.0000000e+00
   7.1935230e-01  -6.7941672e-01  -1.4465579e-01  -4.3990440e-01   6.4255893e-01   7.2994232e-01  -2.3302682e-01   4.5789745e+00   2.6391324e-01   7.4680164e-02   9.6165127e-01  -1.2192313e+01   0.0000000e+00   0.0000000e+00   0.0000000e+00   1.0000000e+00
   7.1974367e-01  -6.8067628e-01  -1.3656028e-01  -4.4581032e-01   6.4320379e-01   7.2783023e-01  -2.3780665e-01   4.5691303e+00   2.6126209e-01   8.3323807e-02   9.6166480e-01  -1.2152039e+01   0.0000000e+00   0.0000000e+00   0.0000000e+00   1.0000000e+00
   7.2011828e-01  -6.8190306e-01  -1.2820996e-01  -4.5140448e-01   6.4388281e-01   7.2560352e-01  -2.4272278e-01   4.5589588e+00   2.5854304e-01   9.2236988e-02   9.6158606e-01  -1.2111334e+01   0.0000000e+00   0.0000000e+00   0.0000000e+00   1.0000000e+00
   7.2047424e-01  -6.8308932e-01  -1.1960708e-01  -4.5668316e-01   6.4459640e-01   7.2325891e-01  -2.4777292e-01   4.5484581e+00   2.5575832e-01   1.0141732e-01   9.6140659e-01  -1.2070200e+01   0.0000000e+00   0.0000000e+00   0.0000000e+00   1.0000000e+00
   7.2081876e-01  -6.8421614e-01  -1.1076289e-01  -4.6166935e-01   6.4533377e-01   7.2080493e-01  -2.5295168e-01   4.5376423e+00   2.5291210e-01   1.1085336e-01   9.6111751e-01  -1.2028637e+01   0.0000000e+00   0.0000000e+00   0.0000000e+00   1.0000000e+00
   7.2114056e-01  -6.8528551e-01  -1.0168599e-01  -4.6638937e-01   6.4610624e-01   7.1823120e-01  -2.5824526e-01   4.5265274e+00   2.5000575e-01   1.2053120e-01   9.6071297e-01  -1.1986648e+01   0.0000000e+00   0.0000000e+00   0.0000000e+00   1.0000000e+00
   7.2144014e-01  -6.8628645e-01  -9.2384584e-02  -4.7085285e-01   6.4691091e-01   7.1553874e-01  -2.6364848e-01   4.5151184e+00   2.4704313e-01   1.3044202e-01   9.6018469e-01  -1.1944230e+01   0.0000000e+00   0.0000000e+00   0.0000000e+00   1.0000000e+00
   7.2171307e-01  -6.8721688e-01  -8.2846083e-02  -4.7497602e-01   6.4775062e-01   7.1271545e-01  -2.6917538e-01   4.5033669e+00   2.4402766e-01   1.4060512e-01   9.5952129e-01  -1.1901399e+01   0.0000000e+00   0.0000000e+00   0.0000000e+00   1.0000000e+00
   7.2196501e-01  -6.8806237e-01  -7.3052853e-02  -4.7864079e-01   6.4861578e-01   7.0975626e-01  -2.7485198e-01   4.4912071e+00   2.4096501e-01   1.5105031e-01   9.5870733e-01  -1.1858173e+01   0.0000000e+00   0.0000000e+00   0.0000000e+00   1.0000000e+00
   7.2218603e-01  -6.8882519e-01  -6.2985227e-02  -4.8172741e-01   6.4951557e-01   7.0663911e-01  -2.8069678e-01   4.4785694e+00   2.3785888e-01   1.6180538e-01   9.5772755e-01  -1.1814571e+01   0.0000000e+00   0.0000000e+00   0.0000000e+00   1.0000000e+00
   7.2237539e-01  -6.8949354e-01  -5.2653681e-02  -4.8421421e-01   6.5044695e-01   7.0336121e-01  -2.8670821e-01   4.4654415e+00   2.3471799e-01   1.7286308e-01   9.5656991e-01  -1.1770602e+01   0.0000000e+00   0.0000000e+00   0.0000000e+00   1.0000000e+00
   7.2253382e-01  -6.9005257e-01  -4.2099234e-02  -4.8618107e-01   6.5140361e-01   6.9993287e-01  -2.9286048e-01   4.4518700e+00   2.3155575e-01   1.8417810e-01   9.5522785e-01  -1.1726266e+01   0.0000000e+00   0.0000000e+00   0.0000000e+00   1.0000000e+00
   7.2265685e-01  -6.9049484e-01  -3.1366196e-02  -4.8771772e-01   6.5238577e-01   6.9636065e-01  -2.9912302e-01   4.4379063e+00   2.2838509e-01   1.9570051e-01   9.5369893e-01  -1.1681561e+01   0.0000000e+00   0.0000000e+00   0.0000000e+00   1.0000000e+00
   7.2274441e-01  -6.9081163e-01  -2.0489760e-02  -4.8887911e-01   6.5338886e-01   6.9265240e-01  -3.0547595e-01   4.4235802e+00   2.2521859e-01   2.0739330e-01   9.5197934e-01  -1.1636487e+01   0.0000000e+00   0.0000000e+00   0.0000000e+00   1.0000000e+00
   7.2279567e-01  -6.9099683e-01  -9.4800033e-03  -4.8963442e-01   6.5441066e-01   6.8880516e-01  -3.1191984e-01   4.4088757e+00   2.2206551e-01   2.1925056e-01   9.5006108e-01  -1.1591056e+01   0.0000000e+00   0.0000000e+00   0.0000000e+00   1.0000000e+00
   7.2280991e-01  -6.9104481e-01   1.6561080e-03  -4.8993979e-01   6.5544879e-01   6.8481457e-01  -3.1845853e-01   4.3937660e+00   2.1893501e-01   2.3127051e-01   9.4793528e-01  -1.1545277e+01   0.0000000e+00   0.0000000e+00   0.0000000e+00   1.0000000e+00
   7.2278750e-01  -6.9094974e-01   1.2902495e-02  -4.8974571e-01   6.5649855e-01   6.8067807e-01  -3.2509524e-01   4.3782207e+00   2.1584204e-01   2.4344525e-01   9.4559330e-01  -1.1499166e+01   0.0000000e+00   0.0000000e+00   0.0000000e+00   1.0000000e+00
   7.2272968e-01  -6.9070667e-01   2.4207721e-02  -4.8898654e-01   6.5754670e-01   6.7640233e-01  -3.3183140e-01   4.3621986e+00   2.1282402e-01   2.5574216e-01   9.4302797e-01  -1.1452746e+01   0.0000000e+00   0.0000000e+00   0.0000000e+00   1.0000000e+00
   7.2263932e-01  -6.9031250e-01   3.5509400e-02  -4.8758998e-01   6.5857702e-01   6.7199665e-01  -3.3866888e-01   4.3456516e+00   2.0992514e-01   2.6812121e-01   9.4023538e-01  -1.1406050e+01   0.0000000e+00   0.0000000e+00   0.0000000e+00   1.0000000e+00
   7.2252142e-01  -6.8976647e-01   4.6743024e-02  -4.8549585e-01   6.5957201e-01   6.6747242e-01  -3.4560844e-01   4.3285400e+00   2.0718944e-01   2.8053990e-01   9.3721384e-01  -1.1359106e+01   0.0000000e+00   0.0000000e+00   0.0000000e+00   1.0000000e+00
   7.2238165e-01  -6.8907040e-01   5.7849430e-02  -4.8272533e-01   6.6051728e-01   6.6284293e-01  -3.5264149e-01   4.3108681e+00   2.0464978e-01   2.9295230e-01   9.3396860e-01  -1.1311924e+01   0.0000000e+00   0.0000000e+00   0.0000000e+00   1.0000000e+00
   7.2222716e-01  -6.8822861e-01   6.8769544e-02  -4.7933035e-01   6.6139865e-01   6.5812397e-01  -3.5975629e-01   4.2926559e+00   2.0233570e-01   3.0530986e-01   9.3050849e-01  -1.1264505e+01   0.0000000e+00   0.0000000e+00   0.0000000e+00   1.0000000e+00
   7.2206628e-01  -6.8724751e-01   7.9442397e-02  -4.7536087e-01   6.6219985e-01   6.5333277e-01  -3.6694342e-01   4.2739243e+00   2.0027861e-01   3.1756425e-01   9.2684484e-01  -1.1216854e+01   0.0000000e+00   0.0000000e+00   0.0000000e+00   1.0000000e+00
   7.2190964e-01  -6.8613470e-01   8.9808613e-02  -4.7083578e-01   6.6290128e-01   6.4848506e-01  -3.7420464e-01   4.2546719e+00   1.9851533e-01   3.2967609e-01   9.2298710e-01  -1.1168979e+01   0.0000000e+00   0.0000000e+00   0.0000000e+00   1.0000000e+00
   7.2176772e-01  -6.8490118e-01   9.9808119e-02  -4.6576309e-01   6.6348207e-01   6.4359438e-01  -3.8154647e-01   4.2348873e+00   1.9708569e-01   3.4160882e-01   9.1894531e-01  -1.1120892e+01   0.0000000e+00   0.0000000e+00   0.0000000e+00   1.0000000e+00
   7.2165388e-01  -6.8355829e-01   1.0937862e-01  -4.6015205e-01   6.6391796e-01   6.3867712e-01  -3.8897842e-01   4.2145615e+00   1.9603179e-01   3.5332632e-01   9.1473055e-01  -1.1072607e+01   0.0000000e+00   0.0000000e+00   0.0000000e+00   1.0000000e+00
   7.2158289e-01  -6.8211889e-01   1.1845635e-01  -4.5401540e-01   6.6418076e-01   6.3374758e-01  -3.9651960e-01   4.1936794e+00   1.9540209e-01   3.6479822e-01   9.1035169e-01  -1.1024133e+01   0.0000000e+00   0.0000000e+00   0.0000000e+00   1.0000000e+00
   7.2157079e-01  -6.8059736e-01   1.2697539e-01  -4.4736772e-01   6.6423929e-01   6.2881970e-01  -4.0419286e-01   4.1722256e+00   1.9524798e-01   3.7599590e-01   9.0581745e-01  -1.0975489e+01   0.0000000e+00   0.0000000e+00   0.0000000e+00   1.0000000e+00
   7.2163445e-01  -6.7900866e-01   1.3487357e-01  -4.4022703e-01   6.6406018e-01   6.2390524e-01  -4.1202706e-01   4.1501835e+00   1.9562162e-01   3.8689703e-01   9.0113425e-01  -1.0926686e+01   0.0000000e+00   0.0000000e+00   0.0000000e+00   1.0000000e+00
   7.2179157e-01  -6.7736429e-01   1.4210743e-01  -4.3262076e-01   6.6360831e-01   6.1900538e-01  -4.2006683e-01   4.1275345e+00   1.9657299e-01   3.9750439e-01   8.9629751e-01  -1.0877738e+01   0.0000000e+00   0.0000000e+00   0.0000000e+00   1.0000000e+00
   7.2205937e-01  -6.7567533e-01   1.4863700e-01  -4.2457943e-01   6.6284651e-01   6.1411762e-01  -4.2836189e-01   4.1042587e+00   1.9815284e-01   4.0782636e-01   8.9129859e-01  -1.0828656e+01   0.0000000e+00   0.0000000e+00   0.0000000e+00   1.0000000e+00
   7.2245413e-01  -6.7395091e-01   1.5443467e-01  -4.1613612e-01   6.6173756e-01   6.0923052e-01  -4.3696818e-01   4.0803352e+00   2.0040815e-01   4.1788557e-01   8.8612002e-01  -1.0779456e+01   0.0000000e+00   0.0000000e+00   0.0000000e+00   1.0000000e+00
   7.2299492e-01  -6.7218864e-01   1.5950140e-01  -4.0732694e-01   6.6023916e-01   6.0432220e-01  -4.4595844e-01   4.0557373e+00   2.0337793e-01   4.2773473e-01   8.8072723e-01  -1.0730156e+01   0.0000000e+00   0.0000000e+00   0.0000000e+00   1.0000000e+00
   7.2369194e-01  -6.7039251e-01   1.6384040e-01  -3.9818950e-01   6.5831584e-01   5.9935731e-01  -4.5540193e-01   4.0304348e+00   2.0709915e-01   4.3742949e-01   8.7508017e-01  -1.0680769e+01   0.0000000e+00   0.0000000e+00   0.0000000e+00   1.0000000e+00
   7.2455627e-01  -6.6856217e-01   1.6745971e-01  -3.8876061e-01   6.5593010e-01   5.9430313e-01  -4.6535900e-01   4.0043957e+00   2.1159869e-01   4.4702172e-01   8.6913651e-01  -1.0631316e+01   0.0000000e+00   0.0000000e+00   0.0000000e+00   1.0000000e+00
   7.2560155e-01  -6.6668952e-01   1.7037417e-01  -3.7907577e-01   6.5303886e-01   5.8913201e-01  -4.7588196e-01   3.9775806e+00   2.1689272e-01   4.5656160e-01   8.6284924e-01  -1.0581823e+01   0.0000000e+00   0.0000000e+00   0.0000000e+00   1.0000000e+00
   7.2682917e-01  -6.6477901e-01   1.7259257e-01  -3.6917157e-01   6.4961010e-01   5.8380502e-01  -4.8700956e-01   3.9499474e+00   2.2299337e-01   4.6609059e-01   8.5617363e-01  -1.0532314e+01   0.0000000e+00   0.0000000e+00   0.0000000e+00   1.0000000e+00
   7.2824371e-01  -6.6283482e-01   1.7410044e-01  -3.5908647e-01   6.4560515e-01   5.7831305e-01  -4.9874631e-01   3.9214443e+00   2.2990187e-01   4.7560903e-01   8.4908247e-01  -1.0482825e+01   0.0000000e+00   0.0000000e+00   0.0000000e+00   1.0000000e+00
   7.2984529e-01  -6.6086757e-01   1.7487064e-01  -3.4885950e-01   6.4098781e-01   5.7265568e-01  -5.1107723e-01   3.8920128e+00   2.3761378e-01   4.8509726e-01   8.4155822e-01  -1.0433395e+01   0.0000000e+00   0.0000000e+00   0.0000000e+00   1.0000000e+00
   7.3162711e-01  -6.5889210e-01   1.7487973e-01  -3.3853359e-01   6.3572997e-01   5.6683862e-01  -5.2396643e-01   3.8615952e+00   2.4610813e-01   4.9452516e-01   8.3359230e-01  -1.0384065e+01   0.0000000e+00   0.0000000e+00   0.0000000e+00   1.0000000e+00
   7.3357707e-01  -6.5692300e-01   1.7411734e-01  -3.2815738e-01   6.2981957e-01   5.6089032e-01  -5.3733540e-01   3.8301407e+00   2.5532725e-01   5.0383949e-01   8.2519919e-01  -1.0334876e+01   0.0000000e+00   0.0000000e+00   0.0000000e+00   1.0000000e+00
   7.3567206e-01  -6.5498382e-01   1.7257676e-01  -3.1778140e-01   6.2326062e-01   5.5483830e-01  -5.5109030e-01   3.7975983e+00   2.6520315e-01   5.1298195e-01   8.1640470e-01  -1.0285869e+01   0.0000000e+00   0.0000000e+00   0.0000000e+00   1.0000000e+00
   7.3788261e-01  -6.5309179e-01   1.7029472e-01  -3.0745034e-01   6.1608183e-01   5.4871237e-01  -5.6511748e-01   3.7639503e+00   2.7563080e-01   5.2190584e-01   8.0724335e-01  -1.0237067e+01   0.0000000e+00   0.0000000e+00   0.0000000e+00   1.0000000e+00
   7.4017155e-01  -6.5126133e-01   1.6734566e-01  -2.9720426e-01   6.0834080e-01   5.4254067e-01  -5.7928491e-01   3.7292053e+00   2.8647405e-01   5.3057349e-01   7.9776216e-01  -1.0188477e+01   0.0000000e+00   0.0000000e+00   0.0000000e+00   1.0000000e+00
   7.4249738e-01  -6.4951050e-01   1.6380902e-01  -2.8708181e-01   6.0011160e-01   5.3634870e-01  -5.9345931e-01   3.6933731e+00   2.9759642e-01   5.3894907e-01   7.8801817e-01  -1.0140111e+01   0.0000000e+00   0.0000000e+00   0.0000000e+00   1.0000000e+00
   7.4483848e-01  -6.4783293e-01   1.5977541e-01  -2.7711463e-01   5.9144992e-01   5.3017551e-01  -6.0753673e-01   3.6564526e+00   3.0887327e-01   5.4701596e-01   7.7805591e-01  -1.0091982e+01   0.0000000e+00   0.0000000e+00   0.0000000e+00   1.0000000e+00
   7.4714750e-01  -6.4625198e-01   1.5533493e-01  -2.6733346e-01   5.8245826e-01   5.2403390e-01  -6.2139416e-01   3.6184414e+00   3.2017633e-01   5.5474943e-01   7.6794553e-01  -1.0044110e+01   0.0000000e+00   0.0000000e+00   0.0000000e+00   1.0000000e+00
   7.4939644e-01  -6.4476627e-01   1.5060304e-01  -2.5776858e-01   5.7323509e-01   5.1795423e-01  -6.3492119e-01   3.5793282e+00   3.3137038e-01   5.6213862e-01   7.5775570e-01  -9.9965225e+00   0.0000000e+00   0.0000000e+00   0.0000000e+00   1.0000000e+00
   7.5155270e-01  -6.4337867e-01   1.4571315e-01  -2.4845037e-01   5.6390727e-01   5.1195925e-01  -6.4800173e-01   3.5390919e+00   3.4231141e-01   5.6917608e-01   7.4757022e-01  -9.9492561e+00   0.0000000e+00   0.0000000e+00   0.0000000e+00   1.0000000e+00
   7.5358766e-01  -6.4208943e-01   1.4080791e-01  -2.3940077e-01   5.5461144e-01   5.0606430e-01  -6.6053313e-01   3.4977264e+00   3.5286236e-01   5.7586455e-01   7.3747492e-01  -9.9023384e+00   0.0000000e+00   0.0000000e+00   0.0000000e+00   1.0000000e+00
   7.5548702e-01  -6.4088362e-01   1.3604173e-01  -2.3061337e-01   5.4546821e-01   5.0026542e-01  -6.7245734e-01   3.4552681e+00   3.6291000e-01   5.8223921e-01   7.2752571e-01  -9.8557655e+00   0.0000000e+00   0.0000000e+00   0.0000000e+00   1.0000000e+00
   7.5723171e-01  -6.3975692e-01   1.3157202e-01  -2.2207527e-01   5.3661740e-01   4.9454004e-01  -6.8371916e-01   3.4117630e+00   3.7234643e-01   5.8833760e-01   7.1778607e-01  -9.8095215e+00   0.0000000e+00   0.0000000e+00   0.0000000e+00   1.0000000e+00
   7.5881761e-01  -6.3869363e-01   1.2753886e-01  -2.1375961e-01   5.2816802e-01   4.8886195e-01  -6.9430006e-01   3.3672626e+00   3.8109624e-01   5.9420896e-01   7.0829457e-01  -9.7635849e+00   0.0000000e+00   0.0000000e+00   0.0000000e+00   1.0000000e+00
   7.6024348e-01  -6.3768017e-01   1.2407152e-01  -2.0563059e-01   5.2022016e-01   4.8319370e-01  -7.0419794e-01   3.3218208e+00   3.8910246e-01   5.9990644e-01   6.9907904e-01  -9.7179321e+00   0.0000000e+00   0.0000000e+00   0.0000000e+00   1.0000000e+00
   7.6150882e-01  -6.3670158e-01   1.2130734e-01  -1.9764814e-01   5.1287985e-01   4.7749159e-01  -7.1341109e-01   3.2754829e+00   3.9630619e-01   6.0548568e-01   6.9016606e-01  -9.6725456e+00   0.0000000e+00   0.0000000e+00   0.0000000e+00   1.0000000e+00
   7.6261443e-01  -6.3573927e-01   1.1939326e-01  -1.8976612e-01   5.0625563e-01   4.7170785e-01  -7.2193962e-01   3.2282768e+00   4.0264657e-01   6.1100519e-01   6.8157780e-01  -9.6274178e+00   0.0000000e+00   0.0000000e+00   0.0000000e+00   1.0000000e+00
   7.6353538e-01  -6.3480449e-01   1.1848704e-01  -1.8193088e-01   5.0050664e-01   4.6575841e-01  -7.2975761e-01   3.1802290e+00   4.0805233e-01   6.1651623e-01   6.7336071e-01  -9.5825462e+00   0.0000000e+00   0.0000000e+00   0.0000000e+00   1.0000000e+00
   7.6431292e-01  -6.3380873e-01   1.1880050e-01  -1.7406411e-01   4.9569461e-01   4.5961392e-01  -7.3690724e-01   3.1313618e+00   4.1244701e-01   6.2212652e-01   6.6547292e-01  -9.5379364e+00   0.0000000e+00   0.0000000e+00   0.0000000e+00   1.0000000e+00
   7.6489735e-01  -6.3277489e-01   1.2053812e-01  -1.6607819e-01   4.9202907e-01   4.5314124e-01  -7.4334413e-01   3.0816986e+00   4.1573948e-01   6.2790042e-01   6.5795892e-01  -9.4935921e+00   0.0000000e+00   0.0000000e+00   0.0000000e+00   1.0000000e+00
   7.6529354e-01  -6.3166243e-01   1.2381348e-01  -1.5787807e-01   4.8956069e-01   4.4627422e-01  -7.4910641e-01   3.0312870e+00   4.1791877e-01   6.3391000e-01   6.5077627e-01  -9.4494865e+00   0.0000000e+00   0.0000000e+00   0.0000000e+00   1.0000000e+00
   7.6549464e-01  -6.3044530e-01   1.2867777e-01  -1.4936275e-01   4.8830867e-01   4.3894404e-01  -7.5423712e-01   2.9801941e+00   4.1901380e-01   6.4020830e-01   6.4386982e-01  -9.4055779e+00   0.0000000e+00   0.0000000e+00   0.0000000e+00   1.0000000e+00
   7.6548427e-01  -6.2909478e-01   1.3518532e-01  -1.4042559e-01   4.8830298e-01   4.3109310e-01  -7.5875413e-01   2.9284716e+00   4.1903922e-01   6.4683735e-01   6.3719463e-01  -9.3618378e+00   0.0000000e+00   0.0000000e+00   0.0000000e+00   1.0000000e+00
   7.6524228e-01  -6.2756938e-01   1.4339527e-01  -1.3095446e-01   4.8957640e-01   4.2269015e-01  -7.6265204e-01   2.8761566e+00   4.1799417e-01   6.5382701e-01   6.3071370e-01  -9.3182579e+00   0.0000000e+00   0.0000000e+00   0.0000000e+00   1.0000000e+00
   7.6471257e-01  -6.2585109e-01   1.5338515e-01  -1.2081470e-01   4.9221960e-01   4.1367960e-01  -7.6587993e-01   2.8232851e+00   4.1585401e-01   6.6119558e-01   6.2442040e-01  -9.2748375e+00   0.0000000e+00   0.0000000e+00   0.0000000e+00   1.0000000e+00
   7.6386869e-01  -6.2384671e-01   1.6528921e-01  -1.0982561e-01   4.9627987e-01   4.0405968e-01  -7.6839757e-01   2.7698957e+00   4.1256618e-01   6.6899258e-01   6.1825925e-01  -9.2315956e+00   0.0000000e+00   0.0000000e+00   0.0000000e+00   1.0000000e+00
   7.6260775e-01  -6.2154204e-01   1.7920612e-01  -9.7808599e-02   5.0189877e-01   3.9377260e-01  -7.7009118e-01   2.7160318e+00   4.0807718e-01   6.7722118e-01   6.1224562e-01  -9.1885460e+00   0.0000000e+00   0.0000000e+00   0.0000000e+00   1.0000000e+00
   7.6085192e-01  -6.1889905e-01   1.9511113e-01  -8.4638309e-02   5.0908983e-01   3.8282961e-01  -7.7088839e-01   2.6617548e+00   4.0240768e-01   6.8586105e-01   6.0635191e-01  -9.1456772e+00   0.0000000e+00   0.0000000e+00   0.0000000e+00   1.0000000e+00
   7.5853419e-01  -6.1585742e-01   2.1294479e-01  -7.0202446e-02   5.1780987e-01   3.7127614e-01  -7.7073139e-01   2.6071352e+00   3.9559922e-01   6.9489110e-01   6.0052276e-01  -9.1029716e+00   0.0000000e+00   0.0000000e+00   0.0000000e+00   1.0000000e+00
   7.5556535e-01  -6.1236739e-01   2.3265247e-01  -5.4392290e-02   5.2803916e-01   3.5915330e-01  -7.6953453e-01   2.5522402e+00   3.8767985e-01   7.0428330e-01   5.9471786e-01  -9.0604187e+00   0.0000000e+00   0.0000000e+00   0.0000000e+00   1.0000000e+00
   7.5184178e-01  -6.0837883e-01   2.5418308e-01  -3.7092304e-02   5.3976244e-01   3.4650752e-01  -7.6719552e-01   2.4971443e+00   3.7866920e-01   7.1400815e-01   5.8889890e-01  -9.0180153e+00   0.0000000e+00   0.0000000e+00   0.0000000e+00   1.0000000e+00
   7.4722326e-01  -6.0384041e-01   2.7755016e-01  -1.8092823e-02   5.5302894e-01   3.3338544e-01  -7.6355290e-01   2.4419525e+00   3.6853284e-01   7.2403783e-01   5.8305466e-01  -8.9757820e+00   0.0000000e+00   0.0000000e+00   0.0000000e+00   1.0000000e+00
   7.4153519e-01  -5.9869677e-01   3.0279973e-01   2.8765678e-03   5.6791776e-01   3.1984067e-01  -7.5840044e-01   2.3867867e+00   3.5720429e-01   7.3434597e-01   5.7718366e-01  -8.9337547e+00   0.0000000e+00   0.0000000e+00   0.0000000e+00   1.0000000e+00
   7.3463076e-01  -5.9291291e-01   3.2980585e-01   2.5961971e-02   5.8437192e-01   3.0597913e-01  -7.5158912e-01   2.3317640e+00   3.4471303e-01   7.4486983e-01   5.7126343e-01  -8.8919456e+00   0.0000000e+00   0.0000000e+00   0.0000000e+00   1.0000000e+00
   7.2640896e-01  -5.8648032e-01   3.5828868e-01   5.1197338e-02   6.0220689e-01   2.9195422e-01  -7.4304074e-01   2.2769905e+00   3.3117497e-01   7.5551534e-01   5.6526053e-01  -8.8503426e+00   0.0000000e+00   0.0000000e+00   0.0000000e+00   1.0000000e+00
   7.1677250e-01  -5.7941556e-01   3.8796222e-01   7.8651047e-02   6.2123978e-01   2.7792883e-01  -7.3267770e-01   2.2225864e+00   3.1669894e-01   7.6618081e-01   5.5916780e-01  -8.8089409e+00   0.0000000e+00   0.0000000e+00   0.0000000e+00   1.0000000e+00
   7.0563358e-01  -5.7175940e-01   4.1853580e-01   1.0843258e-01   6.4128774e-01   2.6408038e-01  -7.2042465e-01   2.1687021e+00   3.0138233e-01   7.7675778e-01   5.5300641e-01  -8.7677551e+00   0.0000000e+00   0.0000000e+00   0.0000000e+00   1.0000000e+00
   6.9293326e-01  -5.6359297e-01   4.4967368e-01   1.4067020e-01   6.6213691e-01   2.5060716e-01  -7.0623702e-01   2.1155075e+00   2.8533882e-01   7.8712058e-01   5.4682982e-01  -8.7268021e+00   0.0000000e+00   0.0000000e+00   0.0000000e+00   1.0000000e+00
   6.7865890e-01  -5.5504912e-01   4.8098078e-01   1.7550907e-01   6.8353486e-01   2.3773283e-01  -6.9011819e-01   2.0632046e+00   2.6870459e-01   7.9712194e-01   5.4073501e-01  -8.6861031e+00   0.0000000e+00   0.0000000e+00   0.0000000e+00   1.0000000e+00
